Chr1	3780764	3785720	4956	RLC/IVANA/ORYCO	0.9999965	0.99999964	0.9989649
Chr1	7717355	7722547	5192	RLC/IVANA/ORYCO	0.9997195	0.99992335	0.9996319
Chr1	11789451	11794077	4626	RLC/IVANA/ORYCO	0.99670327	0.99992	0.95128435
Chr1	13334465	13339870	5405	RLG/REINA	0.97369146	0.9921898	0.9729803
Chr1	13507779	13515964	8185	RLG/TEKAY/DEL	1.0	0.9997031	0.9997174
Chr1	13818566	13823888	5322	RLG/REINA	0.99999297	0.9715595	0.99690574
Chr1	13883072	13890962	7890	RLG/TEKAY/DEL	1.0	0.9904912	0.9999933
Chr1	14019277	14024518	5241	RLG/REINA	0.99987006	1.0	0.9633301
Chr1	14082587	14094068	11481	RLG/ATHILA	0.99999225	0.99999	0.9971053
Chr1	14129670	14134851	5181	RLC/TAR/TORK	1.0	1.0	0.99936074
Chr1	16117828	16124076	6248	RLC/SIRE	0.9997675	0.99934345	0.98320997
Chr1	16626038	16637234	11196	RLG/TAT	0.99985373	1.0	0.99960047
Chr1	17255284	17265289	10005	RLG/TAT	0.9420996	1.0	0.9896471
Chr1	17676606	17681382	4776	RLC/ALE/RETROFIT	1.0	0.99950385	0.9956118
Chr1	18828526	18833280	4754	RLC/IVANA/ORYCO	1.0	0.99552506	0.96012783
Chr1	21244323	21249198	4875	RLC/ALE/RETROFIT	0.8628495	0.99995196	0.9977442
Chr1	21524994	21529850	4856	RLC/IVANA/ORYCO	0.8921232	0.99999464	0.9970312
Chr2	16329	24007	7678	RLG/TEKAY/DEL	1.0	0.9988331	0.99878496
Chr2	28927	43160	14233	RLG/TAT	1.0	1.0	0.9973476
Chr2	42163	49787	7624	RLG/TEKAY/DEL	1.0	0.99073774	0.9998466
Chr2	1388831	1393901	5070	RLC/BIANCA	0.8475337	1.0	0.97922623
Chr2	2075307	2080607	5300	RLG/REINA	0.98633754	0.9041462	0.9980969
Chr2	2274201	2280048	5847	RLC/SIRE	0.9953854	0.99996877	0.9560653
Chr2	2793395	2799753	6358	RLG/CRM	0.99999654	0.999899	0.9993493
Chr2	3752538	3763187	10649	RLG/TAT	0.9999954	0.9999995	0.9999906
Chr2	3874040	3888238	14198	RLG/ATHILA	0.9999925	0.97489333	0.8808798
Chr2	3890550	3896289	5739	RLG/TEKAY/DEL	0.9999925	0.9998166	0.92360324
Chr2	4090709	4096109	5400	RLC/ALE/RETROFIT	0.9999989	1.0	0.9821108
Chr2	4230742	4236512	5770	RLC/TAR/TORK	1.0	0.993359	0.9991492
Chr2	4236657	4244396	7739	RLG/TEKAY/DEL	1.0	1.0	0.916821
Chr2	4808820	4818662	9842	RLG/TAT	0.999882	0.99754816	0.997589
Chr2	4978580	4990068	11488	RLG/TAT	1.0	1.0	0.99987423
Chr2	5062483	5067403	4920	RLC/ALE/RETROFIT	0.8263646	0.63877773	0.9996051
Chr2	5073846	5078418	4572	RLC/TAR/TORK	0.8263646	0.9986601	0.99744475
Chr2	3687123	3692178	5055	RLC/TAR/TORK	1.0	1.0	0.99795866
Chr2	5371894	5379220	7326	RLG/TAT	0.99999726	0.9995515	0.9927065
Chr2	5394709	5399649	4940	RLC/BIANCA	0.99999726	0.96806884	0.998547
Chr2	5481692	5490451	8759	RLG/ATHILA	0.99991363	0.93862593	0.8551872
Chr2	5984985	5996552	11567	RLG/ATHILA	1.0	0.99986887	0.9875272
Chr2	6113206	6124745	11539	RLG/TAT	0.9999907	0.9946431	0.99418604
Chr2	6819005	6823730	4725	RLC/IVANA/ORYCO	1.0	0.9988047	0.94635904
Chr3	3807305	3812643	5338	RLG/REINA	1.0	1.0	0.99713635
Chr3	11335552	11341895	6343	RLC/BIANCA	1.0	0.9958721	0.99955827
Chr3	11416917	11424391	7474	RLG/TEKAY/DEL	0.999989	1.0	0.96749485
Chr3	11652696	11657743	5047	RLC/ALE/RETROFIT	1.0	1.0	0.7022085
Chr3	11664968	11669787	4819	RLC/IVANA/ORYCO	1.0	0.99992454	0.9937139
Chr3	12478084	12486325	8241	RLG/TEKAY/DEL	1.0	0.97501945	0.9999883
Chr3	12550009	12555918	5909	RLG/CRM	0.99999964	1.0	0.99951863
Chr3	13164427	13170803	6376	RLG/CRM	0.9882307	0.99993	0.9958651
Chr3	13186249	13194564	8315	RLG/ATHILA	0.9882307	0.999811	0.59334713
Chr3	13429765	13436148	6383	RLG/CRM	0.9202049	0.9955396	0.9988463
Chr3	13440045	13449279	9234	RLG/TAT	0.9202049	1.0	0.99794966
Chr3	13360108	13368309	8201	RLC/SIRE	1.0	0.9923569	0.98713
Chr3	13369173	13374107	4934	RLC/IVANA/ORYCO	1.0	0.9997445	0.99524885
Chr3	13674751	13680457	5706	RLG/REINA	1.0	0.99918324	0.99985456
Chr3	14006921	14013958	7037	RLG/CRM	1.0	0.99997747	0.9995901
Chr3	14073145	14081963	8818	RLG/ATHILA	1.0	0.83957475	0.83480406
Chr3	15377101	15382209	5108	RLC/TAR/TORK	1.0	1.0	0.99891484
Chr3	15540531	15549243	8712	RLC/SIRE	0.99999964	0.950697	0.999295
Chr3	15574784	15585476	10692	RLG/TAT	1.0	0.99687105	0.9999522
Chr3	16691858	16697596	5738	RLC/TAR/TORK	1.0	1.0	0.9992792
Chr3	18791151	18796088	4937	RLC/ALE/RETROFIT	1.0	0.98870474	0.99805343
Chr3	20304934	20310167	5233	RLG/REINA	0.9824883	0.9999943	0.99941504
Chr3	22059534	22064329	4795	RLC/IVANA/ORYCO	1.0	0.9999993	0.996049
Chr3	22232174	22236802	4628	RLC/IVANA/ORYCO	1.0	1.0	0.99951696
Chr4	1312400	1317218	4818	RLC/ALE/RETROFIT	0.9999968	0.99981135	0.9998091
Chr4	1669365	1680247	10882	RLG/TAT	0.7505721	0.99992716	0.99972457
Chr4	2001188	2010967	9779	RLG/TAT	0.9999832	0.9986929	0.99962616
Chr4	2280097	2286556	6459	RLC/SIRE	1.0	0.9996666	0.7600789
Chr4	2302656	2307842	5186	RLC/TAR/TORK	0.9962876	1.0	0.99838924
Chr4	3987765	3997961	10196	RLG/TAT	1.0	0.9506818	0.69411033
Chr4	4502300	4514086	11786	RLG/TAT	0.9999609	0.99998486	0.9926329
Chr4	4677141	4684195	7054	RLG/TEKAY/DEL	1.0	0.9916375	0.99098045
Chr4	5063537	5074228	10691	RLG/TAT	1.0	1.0	0.999902
Chr4	5078577	5083862	5285	RLG/CRM	1.0	0.7290176	0.9917395
Chr4	5127100	5135152	8052	RLG/TEKAY/DEL	0.8848777	0.99992216	0.99996674
Chr4	5303773	5309049	5276	RLC/ALE/RETROFIT	1.0	1.0	0.9823806
Chr4	5822425	5827300	4875	RLC/ALE/RETROFIT	0.99943066	1.0	0.99969006
Chr4	6067398	6072635	5237	RLC/TAR/TORK	0.9999951	1.0	0.99846315
Chr4	6467412	6473067	5655	RLC/TAR/TORK	1.0	1.0	0.9993862
Chr4	6914661	6919598	4937	RLC/ALE/RETROFIT	1.0	1.0	0.9995741
Chr4	11363555	11368653	5098	RLC/TAR/TORK	1.0	1.0	0.998928
Chr4	11676467	11681340	4873	RLC/ALE/RETROFIT	0.94160885	1.0	0.99829036
Chr4	11820159	11825725	5566	RLG/REINA	0.9999533	0.9994301	0.9983469
Chr4	14258824	14263830	5006	RLC/ALE/RETROFIT	1.0	0.99992394	0.99991345
Chr4	17702414	17707067	4653	RLC/ALE/RETROFIT	0.9987385	0.96506685	0.48762098
Chr5	64771	71199	6428	RLC/BIANCA	1.0	0.99619293	0.9988815
Chr5	4208082	4213084	5002	RLC/IVANA/ORYCO	1.0	0.99965537	0.98117524
Chr5	8624510	8629381	4871	RLC/ALE/RETROFIT	0.9998344	1.0	0.99751246
Chr5	8927996	8934328	6332	RLC/BIANCA	0.6210914	0.99853206	0.99910885
Chr5	9211108	9218667	7559	RLG/ATHILA	0.99985385	0.998684	0.8591478
Chr5	10308306	10314018	5712	RLG/REINA	1.0	0.9904744	0.9999962
Chr5	10764242	10772498	8256	RLG/TEKAY/DEL	1.0	0.9945762	0.999998
Chr5	11320515	11331861	11346	RLG/ATHILA	0.9999925	0.94139427	0.80600786
Chr5	11503488	11512862	9374	RLG/TAT	1.0	0.99958545	0.9998271
Chr5	11527309	11538273	10964	RLG/TAT	1.0	0.9999083	0.9353333
Chr5	11810264	11821592	11328	RLG/ATHILA	1.0	0.9771927	0.8678031
Chr5	12007210	12018604	11394	RLG/ATHILA	1.0	0.66330904	0.99783957
Chr5	12113703	12120134	6431	RLC/BIANCA	0.90269893	0.9973062	0.99877197
Chr5	11686009	11697351	11342	RLG/ATHILA	1.0	0.93143046	0.718093
Chr5	12518416	12531276	12860	RLG/ATHILA	1.0	0.9999938	0.90463364
Chr5	13261020	13272510	11490	RLG/ATHILA	0.9999465	0.9997749	0.9886749
Chr5	15233370	15245268	11898	RLG/TAT	0.9997994	0.9999902	0.9999944
Chr5	15671489	15676363	4874	RLC/ALE/RETROFIT	0.97845757	1.0	0.99980515
Chr5	15685053	15689939	4886	RLC/ALE/RETROFIT	0.97845757	1.0	0.9998062
Chr5	18233630	18238198	4568	RLC/IVANA/ORYCO	0.9973148	0.9995615	0.9948949
Chr5	18490607	18495233	4626	RLC/IVANA/ORYCO	1.0	1.0	0.99828714
Chr5	22002016	22006884	4868	RLC/ALE/RETROFIT	0.9993912	0.9999995	0.9984779
Chr5	23134880	23139981	5101	RLC/TAR/TORK	0.9999998	0.9999106	0.9986467
